2500106
2500205
2500304
2500403
2500502
2500536
2500577
2500601
2500700
2500734
2500775
2500809
2500908
2501005
2501104
2501153
2501203
2501302
2501351
2501401
2501500
2501534
2501575
2501609
2501708
2501807
2501906
2502003
2502052
2502102
2502151
2502201
2502300
2502409
2502508
2502607
2502706
2502805
2502904
2503001
2503100
2503209
2503308
2503407
2503506
2503555
2503605
2503704
2503753
2503803
2503902
2504009
2504033
2504074
2504108
2504157
2504207
2504306
2504355
2504405
2504504
2504603
2504702
2504801
2504850
2504900
2505006
2505105
2505204
2505238
2505279
2505303
2505352
2505402
2505501
2505600
2505709
2505808
2505907
2506004
2506103
2506202
2506251
2506301
2506400
2506509
2506608
2506707
2506806
2506905
2507002
2507101
2507200
2507309
2507408
2507507
2507606
2507705
2507804
2507903
2508000
2508109
2508208
2508307
2508406
2508505
2508554
2508604
2508703
2508802
2508901
2509008
2509057
2509107
2509156
2509206
2509305
2509339
2509370
2509396
2509404
2509503
2509602
2509701
2509800
2509909
2510006
2510105
2510204
2510303
2510402
2510501
2510600
2510659
2510709
2510808
2510907
2511004
2511103
2511202
2511301
2511400
2511509
2511608
2511707
2511806
2511905
2512002
2512036
2512077
2512101
2512200
2512309
2512408
2512507
2512606
2512705
2512721
2512747
2512754
2512762
2512788
2512804
2512903
2513000
2513109
2513158
2513208
2513307
2513356
2513406
2513505
2513604
2513653
2513703
2513802
2513851
2513901
2513927
2513943
2513968
2513984
2514008
2514107
2514206
2514305
2514404
2514453
2514503
2514552
2514602
2514651
2514701
2514800
2514909
2515005
2515104
2515203
2515302
2515401
2515500
2515609
2515708
2515807
2515906
2515930
2515971
2516003
2516102
2516151
2516201
2516300
2516409
2516508
2516607
2516706
2516755
2516805
2516904
2517001
2517100
2517209
2517407
